000000000111111111111111111111111111
000000001111111111111111111111011111
000000001011111111111111111111111111
000000001111111111111111111110111111
000000001111111111111111111101111111
000000001111111111111111111011111111
000000010101111111111111111111111111
000000001110111111111111111111111111
001000000110111111111111111111111111
000000001111111111111111110111111111
000000001101111111111111111111111111
000000010111111111011111111111111111
000100000101111111111111111111111111
100000000111110111111111111111111111
000010000111111101111111111111111111
000100000111111111011111111111111111
001000000111011111111111111111111111
000000100111111101111111111111111111
000001000110111111111111111111111111
010000000110111111111111111111111111
000000001111111111111011111111111111
000000001111111111111110111111111111
000001000111110111111111111111111111
000000001111111101111111111111111111
000000100110111111111111111111111111
000000001111111111111111101111111111
000000100111111111101111111111111111
000010000111111111101111111111111111
000000001111111111110111111111111111
000000001111111110111111111111111111
000010000011111111111111111111111111
000000001111111111111101111111111111
010000000111110111111111111111111111
000000001111111011111111111111111111
000000100011111111111111111111111111
100000000111111011111111111111111111
000000010111101111111111111111111111
000000100111111011111111111111111111
000010000101111111111111111111111111
000001000111111011111111111111111111
000100000111111101111111111111111111
010000000111111111101111111111111111
000010000111111111011111111111111111
000010000111111011111111111111111111
000000100111011111111111111111111111
000100000111101111111111111111111111
010000000111111011111111111111111111
000001000111011111111111111111111111
000010000111111111111111110111111111
010000000111011111111111111111111111
000000010111111111111111011111111111
000001000111111111111111111110111111
010000000111111101111111111111111111
000000010111011111111111111111111111
000100000111011111111111111111111111
000100000111111111111111011111111111
000000001111111111111111111111111101
000000010111111111111111101111111111
000100000111111111101111111111111111
000000001111101111111111111111111111
000000100111111111111111110111111111
010000000011111111111111111111111111
000001000111111111111111111011111111
000100000011111111111111111111111111
000000100101111111111111111111111111
001000000111111111111101111111111111
100000000111111111111111011111111111
000001000111111111111111111111011111
000001000011111111111111111111111111
000001000111111111111111111101111111
100000000111111111011111111111111111
000000100111111111111111111110111111
000000010111111111111111111110111111
010000000111111111111111011111111111
000000010110111111111111111111111111
001000000111111111111111111011111111
000000100111111111111110111111111111
000000010111111111111101111111111111
000100000111111111111111101111111111
001000000111111111111111111111011111
000000100111111111011111111111111111
010000000111111111111111111111101111
000000100111111110111111111111111111
000000100111111111111111111111101111
000010000111111111111111111111101111
010000000111111111111101111111111111
000000100111111111111111011111111111
000001000111111111111111011111111111
000000010111111111111111110111111111
000010000111111111111110111111111111
000000010111111111111111111011111111
000010000111111110111111111111111111
000100000111111111111111110111111111
000100000111111111111111111110111111
000000010111111111110111111111111111
000000100111111111111111111101111111
000000010111111101111111111111111111
100000000111111111111111111111011111
000000100111110111111111111111111111
000000010111111111111111111101111111
100000000111111111111101111111111111
000001000111111111101111111111111111
001000000111111011111111111111111111
000010000111111111111111111101111111
000100000111111111110111111111111111
000000001111111111101111111111111111
000010000111111111111111011111111111
000000001111111111111111011111111111
000100000111111111111111111101111111
010000000111111111111110111111111111
100000000101111111111111111111111111
000000100111111111111111111111110111
000010000111111111111011111111111111
000010000111111111111111101111111111
000100000111111111111101111111111111
100000000111111111111111111111101111
100000000111111111111111111111110111
000010000110111111111111111111111111
000010000111111111111111111110111111
000000100111111111111101111111111111
000000100111111111111111111111111101
010000000111111111111111111111110111
